,Voltage(V),Current(A),PD Current(A),J (mA/cm2),L (cd/m2),Cur Eff (cd/A),Power Eff (lm/W),EQE(%),CIE X,CIE Y,Wav (nm),Intensity (au)
0,-6.0,0.0007156,1.928e-10,17.89,0.007153,3.998e-05,-2.09e-05,4.22e-05,0.6987,0.2984,377.2,8.925e-07
1,-5.8,0.0006679,2.035e-10,16.7,0.007549,4.521e-05,-2.45e-05,4.772e-05,,,377.5,2.231e-06
2,-5.59,0.0006123,1.512e-10,15.31,0.005608,3.664e-05,-2.06e-05,3.867e-05,,,377.9,8.48e-06
3,-5.39,0.0005489,1.342e-10,13.72,0.004979,3.628e-05,-2.11e-05,3.829e-05,,,378.3,1.25e-05
4,-5.19,0.0004787,1.403e-10,11.97,0.005205,4.349e-05,-2.63e-05,4.59e-05,,,378.6,1.384e-05
5,-4.98,0.0004265,1.784e-10,10.66,0.006619,6.207e-05,-3.91e-05,6.552e-05,,,379.0,3.124e-06
6,-4.78,0.000374,1.915e-10,9.351,0.007105,7.598e-05,-4.99e-05,8.02e-05,,,379.4,4.464e-06
7,-4.58,0.0003525,1.959e-10,8.813,0.007268,8.248e-05,-5.66e-05,8.705e-05,,,379.7,1.518e-05
8,-4.37,0.0003472,1.353e-10,8.681,0.00502,5.783e-05,-4.15e-05,6.104e-05,,,380.1,8.925e-07
9,-4.17,0.0003806,1.381e-10,9.514,0.005122,5.384e-05,-4.05e-05,5.682e-05,,,380.4,8.034e-06
10,-3.97,0.0003608,1.355e-10,9.02,0.005026,5.572e-05,-4.41e-05,5.881e-05,,,380.8,5.357e-06
11,-3.76,0.0003699,1.534e-10,9.248,0.005689,6.151e-05,-5.13e-05,6.492e-05,,,381.2,8.927e-06
12,-3.56,0.0003407,1.425e-10,8.518,0.005285,6.205e-05,-5.47e-05,6.549e-05,,,381.5,4.91e-06
13,-3.36,0.0003227,1.556e-10,8.068,0.00577,7.152e-05,-6.69e-05,7.549e-05,,,381.9,1.339e-06
14,-3.15,0.0003308,2.151e-10,8.269,0.007978,9.648e-05,-9.61e-05,0.0001018,,,382.2,3.57e-06
15,-2.95,0.000294,1.632e-10,7.35,0.006052,8.235e-05,-8.77e-05,8.691e-05,,,382.6,8.034e-06
16,-2.75,0.000268,1.349e-10,6.7,0.005006,7.471e-05,-8.54e-05,7.886e-05,,,383.0,2.231e-06
17,-2.54,0.0002292,1.392e-10,5.73,0.005164,9.012e-05,-0.000111,9.512e-05,,,383.3,1.25e-05
18,-2.34,0.0002264,1.679e-10,5.66,0.006229,0.0001101,-0.000148,0.0001162,,,383.7,1.785e-05
19,-2.14,0.0001993,1.93e-10,4.981,0.007159,0.0001437,-0.000211,0.0001517,,,384.0,8.034e-06
20,-1.93,0.0001623,1.686e-10,4.058,0.006252,0.0001541,-0.00025,0.0001626,,,384.4,2.231e-06
21,-1.73,0.000133,1.617e-10,3.324,0.006,0.0001805,-0.000328,0.0001905,,,384.8,7.588e-06
22,-1.53,0.0001079,1.864e-10,2.696,0.006915,0.0002565,-0.000528,0.0002707,,,385.1,4.91e-06
23,-1.32,8.661e-05,1.981e-10,2.165,0.007348,0.0003394,-0.000806,0.0003582,,,385.5,4.462e-07
24,-1.12,6.794e-05,1.317e-10,1.698,0.004887,0.0002877,-0.000808,0.0003037,,,385.9,6.249e-06
25,-0.915,5.067e-05,1.362e-10,1.267,0.005052,0.0003988,-0.00137,0.0004209,,,386.2,2.544e-05
26,-0.712,3.683e-05,1.988e-10,0.9208,0.007373,0.0008007,-0.00353,0.0008451,,,386.6,7.588e-06
27,-0.509,2.427e-05,1.523e-10,0.6066,0.005649,0.0009313,-0.00575,0.0009829,,,386.9,6.695e-06
28,-0.305,1.327e-05,1.463e-10,0.3318,0.005427,0.001636,-0.0168,0.001726,,,387.3,4.016e-06
29,-0.102,3.689e-06,1.92e-10,0.09223,0.007124,0.007724,-0.239,0.008152,,,387.7,8.925e-07
30,0.1017,3.474e-06,1.889e-10,0.08684,0.007008,0.00807,0.2492,0.008517,,,388.0,4.91e-06
31,0.3051,1.278e-05,1.386e-10,0.3196,0.005141,0.001609,0.01656,0.001698,,,388.4,3.57e-06
32,0.5085,2.451e-05,1.963e-10,0.6127,0.007282,0.001189,0.00734,0.001254,,,388.7,4.016e-06
33,0.7119,3.757e-05,1.561e-10,0.9393,0.005789,0.0006163,0.002718,0.0006505,,,389.1,3.124e-06
34,0.9153,5.288e-05,1.567e-10,1.322,0.005813,0.0004397,0.001509,0.0004641,,,389.5,5.803e-06
35,1.119,6.326e-05,1.532e-10,1.581,0.005681,0.0003592,0.001008,0.0003792,,,389.8,5.803e-06
36,1.322,8.675e-05,1.885e-10,2.169,0.006993,0.0003224,0.0007658,0.0003403,,,390.2,8.48e-06
37,1.525,0.0001046,1.315e-10,2.614,0.004876,0.0001865,0.000384,0.0001969,,,390.5,1.205e-05
38,1.729,0.0001298,2.038e-10,3.245,0.007561,0.000233,0.0004232,0.000246,,,390.9,6.249e-06
39,1.932,0.0001829,1.447e-10,4.573,0.005366,0.0001173,0.0001907,0.0001239,,,391.3,1.785e-06
40,2.136,0.0002229,1.764e-10,5.572,0.006545,0.0001175,0.0001727,0.000124,,,391.6,0.0
41,2.339,0.0003185,1.919e-10,7.963,0.007117,8.938e-05,0.00012,9.434e-05,,,392.0,1.473e-05
42,2.542,0.0003979,1.594e-10,9.948,0.005912,5.944e-05,7.341e-05,6.273e-05,,,392.4,4.91e-06
43,2.746,0.0004813,1.873e-10,12.03,0.006949,5.775e-05,6.604e-05,6.095e-05,,,392.7,5.803e-06
44,2.949,0.0002752,1.411e-10,6.879,0.005235,7.61e-05,8.103e-05,8.033e-05,,,393.1,1.785e-06
45,3.153,0.0003794,1.423e-10,9.484,0.005278,5.565e-05,5.543e-05,5.874e-05,,,393.4,1.071e-05
46,3.356,0.0002677,1.782e-10,6.692,0.006612,9.88e-05,9.244e-05,0.0001043,,,393.8,1.205e-05
47,3.559,0.0002218,1.918e-10,5.546,0.007116,0.0001283,0.0001132,0.0001354,,,394.1,2.677e-06
48,3.763,0.0001624,1.658e-10,4.059,0.00615,0.0001515,0.0001264,0.0001599,,,394.5,6.249e-06
49,3.966,0.0001632,1.398e-10,4.081,0.005187,0.0001271,0.0001006,0.0001342,,,394.9,3.124e-06
50,4.169,0.0002038,1.378e-10,5.095,0.00511,0.0001003,7.552e-05,0.0001058,,,395.2,5.357e-06
51,4.373,0.0001722,1.518e-10,4.305,0.005629,0.0001308,9.39e-05,0.000138,,,395.6,1.339e-06
52,4.576,0.0001839,1.552e-10,4.597,0.005756,0.0001252,8.593e-05,0.0001322,,,396.0,3.57e-06
53,4.78,0.0001702,1.469e-10,4.256,0.005447,0.000128,8.408e-05,0.0001351,,,396.3,3.57e-06
54,4.983,0.0001703,1.35e-10,4.258,0.005006,0.0001176,7.408e-05,0.0001241,,,396.7,8.48e-06
55,5.186,0.0001929,1.352e-10,4.823,0.005014,0.000104,6.295e-05,0.0001097,,,397.0,3.124e-06
56,5.39,0.0001887,1.483e-10,4.718,0.005499,0.0001166,6.791e-05,0.000123,,,397.4,5.803e-06
57,5.593,0.0001958,2.014e-10,4.896,0.007472,0.0001526,8.568e-05,0.0001611,,,397.8,9.373e-06
58,5.797,0.0002022,2.008e-10,5.056,0.007447,0.0001473,7.979e-05,0.0001555,,,398.1,4.464e-06
59,6.0,0.0002103,1.59e-10,5.257,0.005899,0.0001122,5.873e-05,0.0001184,,,398.5,6.695e-06
60,,,,,,,,,,,398.8,5.357e-06
61,,,,,,,,,,,399.2,1.027e-05
62,,,,,,,,,,,399.5,4.016e-06
63,,,,,,,,,,,399.9,8.034e-06
64,,,,,,,,,,,400.3,9.373e-06
65,,,,,,,,,,,400.6,4.462e-07
66,,,,,,,,,,,401.0,1.384e-05
67,,,,,,,,,,,401.4,5.803e-06
68,,,,,,,,,,,401.7,1.964e-05
69,,,,,,,,,,,402.1,1.651e-05
70,,,,,,,,,,,402.4,8.925e-07
71,,,,,,,,,,,402.8,8.48e-06
72,,,,,,,,,,,403.1,2.677e-06
73,,,,,,,,,,,403.5,8.48e-06
74,,,,,,,,,,,403.9,6.249e-06
75,,,,,,,,,,,404.2,1.116e-05
76,,,,,,,,,,,404.6,8.927e-06
77,,,,,,,,,,,404.9,1.428e-05
78,,,,,,,,,,,405.3,3.57e-06
79,,,,,,,,,,,405.7,5.357e-06
80,,,,,,,,,,,406.0,1.651e-05
81,,,,,,,,,,,406.4,1.339e-06
82,,,,,,,,,,,406.7,3.57e-06
83,,,,,,,,,,,407.1,1.919e-05
84,,,,,,,,,,,407.5,2.231e-06
85,,,,,,,,,,,407.8,0.0
86,,,,,,,,,,,408.2,1.741e-05
87,,,,,,,,,,,408.5,1.964e-05
88,,,,,,,,,,,408.9,1.071e-05
89,,,,,,,,,,,409.2,1.205e-05
90,,,,,,,,,,,409.6,1.384e-05
91,,,,,,,,,,,410.0,4.462e-07
92,,,,,,,,,,,410.3,5.357e-06
93,,,,,,,,,,,410.7,4.016e-06
94,,,,,,,,,,,411.0,1.964e-05
95,,,,,,,,,,,411.4,5.357e-06
96,,,,,,,,,,,411.8,4.91e-06
97,,,,,,,,,,,412.1,4.462e-07
98,,,,,,,,,,,412.5,6.695e-06
99,,,,,,,,,,,412.8,5.803e-06
100,,,,,,,,,,,413.2,1.651e-05
101,,,,,,,,,,,413.5,8.927e-06
102,,,,,,,,,,,413.9,4.462e-07
103,,,,,,,,,,,414.3,5.357e-06
104,,,,,,,,,,,414.6,1.875e-05
105,,,,,,,,,,,415.0,1.071e-05
106,,,,,,,,,,,415.3,2.677e-06
107,,,,,,,,,,,415.7,1.205e-05
108,,,,,,,,,,,416.1,1.25e-05
109,,,,,,,,,,,416.4,8.48e-06
110,,,,,,,,,,,416.8,4.91e-06
111,,,,,,,,,,,417.1,5.803e-06
112,,,,,,,,,,,417.5,1.473e-05
113,,,,,,,,,,,417.9,4.016e-06
114,,,,,,,,,,,418.2,1.785e-06
115,,,,,,,,,,,418.6,9.373e-06
116,,,,,,,,,,,418.9,8.48e-06
117,,,,,,,,,,,419.3,0.0
118,,,,,,,,,,,419.6,1.027e-05
119,,,,,,,,,,,420.0,1.384e-05
120,,,,,,,,,,,420.4,1.339e-06
121,,,,,,,,,,,420.7,8.927e-06
122,,,,,,,,,,,421.1,7.588e-06
123,,,,,,,,,,,421.4,9.819e-06
124,,,,,,,,,,,421.8,9.819e-06
125,,,,,,,,,,,422.1,1.785e-06
126,,,,,,,,,,,422.5,7.588e-06
127,,,,,,,,,,,422.9,2.677e-06
128,,,,,,,,,,,423.2,1.428e-05
129,,,,,,,,,,,423.6,1.785e-06
130,,,,,,,,,,,423.9,3.124e-06
131,,,,,,,,,,,424.3,4.016e-06
132,,,,,,,,,,,424.6,0.0
133,,,,,,,,,,,425.0,4.91e-06
134,,,,,,,,,,,425.4,1.651e-05
135,,,,,,,,,,,425.7,4.464e-06
136,,,,,,,,,,,426.1,8.925e-07
137,,,,,,,,,,,426.4,7.142e-06
138,,,,,,,,,,,426.8,9.819e-06
139,,,,,,,,,,,427.1,8.925e-07
140,,,,,,,,,,,427.5,7.588e-06
141,,,,,,,,,,,427.9,4.462e-07
142,,,,,,,,,,,428.2,1.384e-05
143,,,,,,,,,,,428.6,1.518e-05
144,,,,,,,,,,,428.9,0.0
145,,,,,,,,,,,429.3,5.803e-06
146,,,,,,,,,,,429.6,1.875e-05
147,,,,,,,,,,,430.0,1.518e-05
148,,,,,,,,,,,430.4,4.462e-07
149,,,,,,,,,,,430.7,1.428e-05
150,,,,,,,,,,,431.1,4.016e-06
151,,,,,,,,,,,431.4,4.462e-07
152,,,,,,,,,,,431.8,1.562e-05
153,,,,,,,,,,,432.1,5.357e-06
154,,,,,,,,,,,432.5,1.339e-06
155,,,,,,,,,,,432.9,4.462e-07
156,,,,,,,,,,,433.2,4.462e-07
157,,,,,,,,,,,433.6,2.231e-06
158,,,,,,,,,,,433.9,1.25e-05
159,,,,,,,,,,,434.3,4.91e-06
160,,,,,,,,,,,434.6,2.677e-06
161,,,,,,,,,,,435.0,5.357e-06
162,,,,,,,,,,,435.4,2.231e-06
163,,,,,,,,,,,435.7,2.142e-05
164,,,,,,,,,,,436.1,1.027e-05
165,,,,,,,,,,,436.4,7.588e-06
166,,,,,,,,,,,436.8,3.57e-06
167,,,,,,,,,,,437.1,1.339e-06
168,,,,,,,,,,,437.5,2.677e-06
169,,,,,,,,,,,437.9,6.249e-06
170,,,,,,,,,,,438.2,4.462e-07
171,,,,,,,,,,,438.6,2.677e-06
172,,,,,,,,,,,438.9,1.741e-05
173,,,,,,,,,,,439.3,6.695e-06
174,,,,,,,,,,,439.6,1.071e-05
175,,,,,,,,,,,440.0,1.785e-06
176,,,,,,,,,,,440.3,8.48e-06
177,,,,,,,,,,,440.7,4.016e-06
178,,,,,,,,,,,441.0,3.124e-06
179,,,,,,,,,,,441.4,2.231e-06
180,,,,,,,,,,,441.8,8.925e-07
181,,,,,,,,,,,442.1,8.48e-06
182,,,,,,,,,,,442.5,1.384e-05
183,,,,,,,,,,,442.8,8.48e-06
184,,,,,,,,,,,443.2,1.741e-05
185,,,,,,,,,,,443.5,1.16e-05
186,,,,,,,,,,,443.9,5.357e-06
187,,,,,,,,,,,444.2,4.462e-07
188,,,,,,,,,,,444.6,2.231e-06
189,,,,,,,,,,,445.0,3.124e-06
190,,,,,,,,,,,445.3,1.205e-05
191,,,,,,,,,,,445.7,8.925e-07
192,,,,,,,,,,,446.0,3.124e-06
193,,,,,,,,,,,446.4,1.785e-06
194,,,,,,,,,,,446.7,1.473e-05
195,,,,,,,,,,,447.1,1.071e-05
196,,,,,,,,,,,447.5,1.785e-05
197,,,,,,,,,,,447.8,4.462e-07
198,,,,,,,,,,,448.2,4.016e-06
199,,,,,,,,,,,448.5,1.205e-05
200,,,,,,,,,,,448.9,2.677e-06
201,,,,,,,,,,,449.2,1.785e-05
202,,,,,,,,,,,449.6,5.357e-06
203,,,,,,,,,,,449.9,8.034e-06
204,,,,,,,,,,,450.3,6.249e-06
205,,,,,,,,,,,450.6,1.339e-06
206,,,,,,,,,,,451.0,2.231e-06
207,,,,,,,,,,,451.4,7.588e-06
208,,,,,,,,,,,451.7,1.919e-05
209,,,,,,,,,,,452.1,4.464e-06
210,,,,,,,,,,,452.4,8.034e-06
211,,,,,,,,,,,452.8,7.142e-06
212,,,,,,,,,,,453.1,8.034e-06
213,,,,,,,,,,,453.5,1.116e-05
214,,,,,,,,,,,453.8,1.16e-05
215,,,,,,,,,,,454.2,1.785e-06
216,,,,,,,,,,,454.5,7.588e-06
217,,,,,,,,,,,454.9,8.48e-06
218,,,,,,,,,,,455.2,5.803e-06
219,,,,,,,,,,,455.6,1.339e-05
220,,,,,,,,,,,456.0,6.695e-06
221,,,,,,,,,,,456.3,4.91e-06
222,,,,,,,,,,,456.7,2.677e-06
223,,,,,,,,,,,457.0,7.142e-06
224,,,,,,,,,,,457.4,2.231e-06
225,,,,,,,,,,,457.7,6.695e-06
226,,,,,,,,,,,458.1,1.651e-05
227,,,,,,,,,,,458.4,7.588e-06
228,,,,,,,,,,,458.8,4.462e-07
229,,,,,,,,,,,459.1,1.116e-05
230,,,,,,,,,,,459.5,5.357e-06
231,,,,,,,,,,,459.9,5.803e-06
232,,,,,,,,,,,460.2,6.695e-06
233,,,,,,,,,,,460.6,2.677e-06
234,,,,,,,,,,,460.9,1.741e-05
235,,,,,,,,,,,461.3,4.464e-06
236,,,,,,,,,,,461.6,3.124e-06
237,,,,,,,,,,,462.0,2.677e-06
238,,,,,,,,,,,462.3,4.91e-06
239,,,,,,,,,,,462.7,2.677e-06
240,,,,,,,,,,,463.0,2.677e-06
241,,,,,,,,,,,463.4,8.034e-06
242,,,,,,,,,,,463.8,1.027e-05
243,,,,,,,,,,,464.1,1.875e-05
244,,,,,,,,,,,464.5,4.462e-07
245,,,,,,,,,,,464.8,0.0
246,,,,,,,,,,,465.2,2.231e-06
247,,,,,,,,,,,465.5,5.803e-06
248,,,,,,,,,,,465.9,1.384e-05
249,,,,,,,,,,,466.2,1.518e-05
250,,,,,,,,,,,466.6,5.357e-06
251,,,,,,,,,,,466.9,0.0
252,,,,,,,,,,,467.3,2.053e-05
253,,,,,,,,,,,467.6,1.428e-05
254,,,,,,,,,,,468.0,1.785e-06
255,,,,,,,,,,,468.3,5.357e-06
256,,,,,,,,,,,468.7,3.124e-06
257,,,,,,,,,,,469.0,9.819e-06
258,,,,,,,,,,,469.4,2.231e-06
259,,,,,,,,,,,469.8,8.927e-06
260,,,,,,,,,,,470.1,8.927e-06
261,,,,,,,,,,,470.5,1.785e-06
262,,,,,,,,,,,470.8,4.016e-06
263,,,,,,,,,,,471.2,2.231e-06
264,,,,,,,,,,,471.5,2.231e-06
265,,,,,,,,,,,471.9,1.16e-05
266,,,,,,,,,,,472.2,0.0
267,,,,,,,,,,,472.6,6.695e-06
268,,,,,,,,,,,472.9,8.48e-06
269,,,,,,,,,,,473.3,1.428e-05
270,,,,,,,,,,,473.6,5.803e-06
271,,,,,,,,,,,474.0,9.819e-06
272,,,,,,,,,,,474.3,8.034e-06
273,,,,,,,,,,,474.7,8.927e-06
274,,,,,,,,,,,475.0,8.925e-07
275,,,,,,,,,,,475.4,6.695e-06
276,,,,,,,,,,,475.7,0.0
277,,,,,,,,,,,476.1,4.016e-06
278,,,,,,,,,,,476.5,1.339e-06
279,,,,,,,,,,,476.8,2.231e-06
280,,,,,,,,,,,477.1,9.373e-06
281,,,,,,,,,,,477.5,2.499e-05
282,,,,,,,,,,,477.9,2.677e-06
283,,,,,,,,,,,478.2,4.464e-06
284,,,,,,,,,,,478.6,2.231e-06
285,,,,,,,,,,,478.9,1.339e-06
286,,,,,,,,,,,479.3,4.464e-06
287,,,,,,,,,,,479.6,8.925e-07
288,,,,,,,,,,,480.0,8.48e-06
289,,,,,,,,,,,480.3,4.91e-06
290,,,,,,,,,,,480.7,8.48e-06
291,,,,,,,,,,,481.0,1.384e-05
292,,,,,,,,,,,481.4,8.034e-06
293,,,,,,,,,,,481.7,1.428e-05
294,,,,,,,,,,,482.1,4.464e-06
295,,,,,,,,,,,482.4,0.0
296,,,,,,,,,,,482.8,1.875e-05
297,,,,,,,,,,,483.1,9.819e-06
298,,,,,,,,,,,483.5,1.696e-05
299,,,,,,,,,,,483.8,7.588e-06
300,,,,,,,,,,,484.2,1.205e-05
301,,,,,,,,,,,484.5,5.803e-06
302,,,,,,,,,,,484.9,1.16e-05
303,,,,,,,,,,,485.2,1.116e-05
304,,,,,,,,,,,485.6,2.677e-06
305,,,,,,,,,,,485.9,1.116e-05
306,,,,,,,,,,,486.3,0.0
307,,,,,,,,,,,486.6,4.462e-07
308,,,,,,,,,,,487.0,4.462e-07
309,,,,,,,,,,,487.4,2.231e-06
310,,,,,,,,,,,487.7,4.016e-06
311,,,,,,,,,,,488.0,7.142e-06
312,,,,,,,,,,,488.4,6.249e-06
313,,,,,,,,,,,488.8,4.016e-06
314,,,,,,,,,,,489.1,3.57e-06
315,,,,,,,,,,,489.5,7.588e-06
316,,,,,,,,,,,489.8,1.785e-06
317,,,,,,,,,,,490.2,4.462e-07
318,,,,,,,,,,,490.5,8.034e-06
319,,,,,,,,,,,490.9,6.695e-06
320,,,,,,,,,,,491.2,4.016e-06
321,,,,,,,,,,,491.6,8.034e-06
322,,,,,,,,,,,491.9,4.462e-07
323,,,,,,,,,,,492.3,4.91e-06
324,,,,,,,,,,,492.6,6.695e-06
325,,,,,,,,,,,493.0,2.677e-06
326,,,,,,,,,,,493.3,1.116e-05
327,,,,,,,,,,,493.7,2.187e-05
328,,,,,,,,,,,494.0,3.57e-06
329,,,,,,,,,,,494.4,8.927e-06
330,,,,,,,,,,,494.7,8.034e-06
331,,,,,,,,,,,495.1,1.785e-06
332,,,,,,,,,,,495.4,1.339e-05
333,,,,,,,,,,,495.8,1.027e-05
334,,,,,,,,,,,496.1,2.053e-05
335,,,,,,,,,,,496.5,2.677e-06
336,,,,,,,,,,,496.8,2.231e-06
337,,,,,,,,,,,497.2,5.357e-06
338,,,,,,,,,,,497.5,1.071e-05
339,,,,,,,,,,,497.9,5.803e-06
340,,,,,,,,,,,498.2,1.339e-06
341,,,,,,,,,,,498.6,1.16e-05
342,,,,,,,,,,,498.9,1.071e-05
343,,,,,,,,,,,499.3,1.607e-05
344,,,,,,,,,,,499.6,2.677e-06
345,,,,,,,,,,,500.0,8.034e-06
346,,,,,,,,,,,500.3,3.57e-06
347,,,,,,,,,,,500.7,1.071e-05
348,,,,,,,,,,,501.0,5.803e-06
349,,,,,,,,,,,501.4,6.695e-06
350,,,,,,,,,,,501.7,1.116e-05
351,,,,,,,,,,,502.1,2.053e-05
352,,,,,,,,,,,502.4,1.071e-05
353,,,,,,,,,,,502.8,2.677e-06
354,,,,,,,,,,,503.1,8.48e-06
355,,,,,,,,,,,503.5,6.249e-06
356,,,,,,,,,,,503.8,1.205e-05
357,,,,,,,,,,,504.2,1.785e-06
358,,,,,,,,,,,504.5,3.57e-06
359,,,,,,,,,,,504.9,8.48e-06
360,,,,,,,,,,,505.2,6.249e-06
361,,,,,,,,,,,505.5,4.462e-07
362,,,,,,,,,,,505.9,9.819e-06
363,,,,,,,,,,,506.2,7.142e-06
364,,,,,,,,,,,506.6,1.205e-05
365,,,,,,,,,,,507.0,9.373e-06
366,,,,,,,,,,,507.3,1.339e-05
367,,,,,,,,,,,507.6,2.142e-05
368,,,,,,,,,,,508.0,8.927e-06
369,,,,,,,,,,,508.4,3.124e-06
370,,,,,,,,,,,508.7,1.785e-05
371,,,,,,,,,,,509.0,7.588e-06
372,,,,,,,,,,,509.4,3.57e-06
373,,,,,,,,,,,509.7,4.462e-07
374,,,,,,,,,,,510.1,2.677e-06
375,,,,,,,,,,,510.4,8.925e-07
376,,,,,,,,,,,510.8,2.677e-06
377,,,,,,,,,,,511.1,7.142e-06
378,,,,,,,,,,,511.5,1.027e-05
379,,,,,,,,,,,511.8,1.25e-05
380,,,,,,,,,,,512.2,4.462e-07
381,,,,,,,,,,,512.5,2.677e-06
382,,,,,,,,,,,512.9,4.462e-07
383,,,,,,,,,,,513.2,2.677e-06
384,,,,,,,,,,,513.6,6.249e-06
385,,,,,,,,,,,513.9,1.25e-05
386,,,,,,,,,,,514.3,8.927e-06
387,,,,,,,,,,,514.6,8.925e-07
388,,,,,,,,,,,515.0,1.339e-05
389,,,,,,,,,,,515.3,1.25e-05
390,,,,,,,,,,,515.7,6.249e-06
391,,,,,,,,,,,516.0,4.464e-06
392,,,,,,,,,,,516.4,1.83e-05
393,,,,,,,,,,,516.7,2.677e-06
394,,,,,,,,,,,517.0,8.034e-06
395,,,,,,,,,,,517.4,1.384e-05
396,,,,,,,,,,,517.8,1.785e-05
397,,,,,,,,,,,518.1,2.231e-06
398,,,,,,,,,,,518.5,8.927e-06
399,,,,,,,,,,,518.8,1.16e-05
400,,,,,,,,,,,519.1,8.925e-07
401,,,,,,,,,,,519.5,2.187e-05
402,,,,,,,,,,,519.8,2.41e-05
403,,,,,,,,,,,520.2,6.695e-06
404,,,,,,,,,,,520.5,8.925e-07
405,,,,,,,,,,,520.9,2.901e-05
406,,,,,,,,,,,521.2,6.695e-06
407,,,,,,,,,,,521.6,8.925e-07
408,,,,,,,,,,,521.9,8.925e-07
409,,,,,,,,,,,522.3,4.91e-06
410,,,,,,,,,,,522.6,4.464e-06
411,,,,,,,,,,,523.0,5.803e-06
412,,,,,,,,,,,523.3,6.249e-06
413,,,,,,,,,,,523.7,7.142e-06
414,,,,,,,,,,,524.0,1.205e-05
415,,,,,,,,,,,524.3,4.91e-06
416,,,,,,,,,,,524.7,6.695e-06
417,,,,,,,,,,,525.0,1.83e-05
418,,,,,,,,,,,525.4,5.357e-06
419,,,,,,,,,,,525.7,1.071e-05
420,,,,,,,,,,,526.1,3.124e-06
421,,,,,,,,,,,526.4,4.462e-07
422,,,,,,,,,,,526.8,9.373e-06
423,,,,,,,,,,,527.1,1.027e-05
424,,,,,,,,,,,527.5,5.357e-06
425,,,,,,,,,,,527.8,1.116e-05
426,,,,,,,,,,,528.2,1.384e-05
427,,,,,,,,,,,528.5,3.124e-06
428,,,,,,,,,,,528.9,8.48e-06
429,,,,,,,,,,,529.2,1.473e-05
430,,,,,,,,,,,529.5,3.57e-06
431,,,,,,,,,,,529.9,1.294e-05
432,,,,,,,,,,,530.2,1.518e-05
433,,,,,,,,,,,530.6,2.231e-06
434,,,,,,,,,,,530.9,1.473e-05
435,,,,,,,,,,,531.3,1.027e-05
436,,,,,,,,,,,531.6,8.034e-06
437,,,,,,,,,,,532.0,1.785e-06
438,,,,,,,,,,,532.3,1.919e-05
439,,,,,,,,,,,532.7,1.16e-05
440,,,,,,,,,,,533.0,8.927e-06
441,,,,,,,,,,,533.4,1.607e-05
442,,,,,,,,,,,533.7,8.925e-07
443,,,,,,,,,,,534.0,8.925e-07
444,,,,,,,,,,,534.4,4.016e-06
445,,,,,,,,,,,534.8,4.462e-07
446,,,,,,,,,,,535.1,7.142e-06
447,,,,,,,,,,,535.4,9.819e-06
448,,,,,,,,,,,535.8,1.875e-05
449,,,,,,,,,,,536.1,1.027e-05
450,,,,,,,,,,,536.5,7.588e-06
451,,,,,,,,,,,536.8,8.927e-06
452,,,,,,,,,,,537.2,2.231e-06
453,,,,,,,,,,,537.5,5.803e-06
454,,,,,,,,,,,537.9,1.473e-05
455,,,,,,,,,,,538.2,4.016e-06
456,,,,,,,,,,,538.5,2.231e-06
457,,,,,,,,,,,538.9,1.25e-05
458,,,,,,,,,,,539.2,4.462e-07
459,,,,,,,,,,,539.6,6.249e-06
460,,,,,,,,,,,539.9,6.249e-06
461,,,,,,,,,,,540.3,7.588e-06
462,,,,,,,,,,,540.6,1.919e-05
463,,,,,,,,,,,541.0,5.357e-06
464,,,,,,,,,,,541.3,2.544e-05
465,,,,,,,,,,,541.7,1.473e-05
466,,,,,,,,,,,542.0,8.927e-06
467,,,,,,,,,,,542.3,2.231e-06
468,,,,,,,,,,,542.7,6.695e-06
469,,,,,,,,,,,543.0,2.677e-06
470,,,,,,,,,,,543.4,1.384e-05
471,,,,,,,,,,,543.7,3.57e-06
472,,,,,,,,,,,544.1,7.142e-06
473,,,,,,,,,,,544.4,1.785e-06
474,,,,,,,,,,,544.8,4.464e-06
475,,,,,,,,,,,545.1,5.357e-06
476,,,,,,,,,,,545.5,6.695e-06
477,,,,,,,,,,,545.8,8.034e-06
478,,,,,,,,,,,546.1,9.819e-06
479,,,,,,,,,,,546.5,1.071e-05
480,,,,,,,,,,,546.8,6.695e-06
481,,,,,,,,,,,547.2,1.339e-06
482,,,,,,,,,,,547.5,1.25e-05
483,,,,,,,,,,,547.9,4.016e-06
484,,,,,,,,,,,548.2,9.373e-06
485,,,,,,,,,,,548.5,3.124e-06
486,,,,,,,,,,,548.9,5.803e-06
487,,,,,,,,,,,549.2,6.695e-06
488,,,,,,,,,,,549.6,6.249e-06
489,,,,,,,,,,,549.9,2.053e-05
490,,,,,,,,,,,550.3,1.428e-05
491,,,,,,,,,,,550.6,1.562e-05
492,,,,,,,,,,,551.0,6.249e-06
493,,,,,,,,,,,551.3,2.544e-05
494,,,,,,,,,,,551.7,1.384e-05
495,,,,,,,,,,,552.0,1.607e-05
496,,,,,,,,,,,552.3,2.677e-06
497,,,,,,,,,,,552.7,3.57e-06
498,,,,,,,,,,,553.0,4.462e-07
499,,,,,,,,,,,553.4,1.696e-05
500,,,,,,,,,,,553.7,7.588e-06
501,,,,,,,,,,,554.0,7.142e-06
502,,,,,,,,,,,554.4,6.249e-06
503,,,,,,,,,,,554.7,7.588e-06
504,,,,,,,,,,,555.1,1.339e-05
505,,,,,,,,,,,555.4,1.339e-06
506,,,,,,,,,,,555.8,8.927e-06
507,,,,,,,,,,,556.1,5.357e-06
508,,,,,,,,,,,556.5,5.357e-06
509,,,,,,,,,,,556.8,1.562e-05
510,,,,,,,,,,,557.2,1.384e-05
511,,,,,,,,,,,557.5,1.339e-05
512,,,,,,,,,,,557.8,2.723e-05
513,,,,,,,,,,,558.2,7.588e-06
514,,,,,,,,,,,558.5,1.518e-05
515,,,,,,,,,,,558.9,1.651e-05
516,,,,,,,,,,,559.2,2.499e-05
517,,,,,,,,,,,559.5,1.25e-05
518,,,,,,,,,,,559.9,2.187e-05
519,,,,,,,,,,,560.2,1.875e-05
520,,,,,,,,,,,560.6,2.098e-05
521,,,,,,,,,,,560.9,1.651e-05
522,,,,,,,,,,,561.3,1.964e-05
523,,,,,,,,,,,561.6,2.098e-05
524,,,,,,,,,,,562.0,1.964e-05
525,,,,,,,,,,,562.3,2.633e-05
526,,,,,,,,,,,562.6,8.927e-06
527,,,,,,,,,,,563.0,1.518e-05
528,,,,,,,,,,,563.3,2.098e-05
529,,,,,,,,,,,563.7,1.919e-05
530,,,,,,,,,,,564.0,2.366e-05
531,,,,,,,,,,,564.3,2.723e-05
532,,,,,,,,,,,564.7,2.812e-05
533,,,,,,,,,,,565.0,3.258e-05
534,,,,,,,,,,,565.4,2.455e-05
535,,,,,,,,,,,565.7,2.187e-05
536,,,,,,,,,,,566.1,2.812e-05
537,,,,,,,,,,,566.4,1.205e-05
538,,,,,,,,,,,566.7,2.901e-05
539,,,,,,,,,,,567.1,1.116e-05
540,,,,,,,,,,,567.4,1.919e-05
541,,,,,,,,,,,567.8,1.875e-05
542,,,,,,,,,,,568.1,4.017e-05
543,,,,,,,,,,,568.5,3.169e-05
544,,,,,,,,,,,568.8,3.124e-05
545,,,,,,,,,,,569.1,4.106e-05
546,,,,,,,,,,,569.5,3.571e-05
547,,,,,,,,,,,569.8,5.177e-05
548,,,,,,,,,,,570.2,3.124e-05
549,,,,,,,,,,,570.5,3.526e-05
550,,,,,,,,,,,570.8,4.24e-05
551,,,,,,,,,,,571.2,5.579e-05
552,,,,,,,,,,,571.5,3.169e-05
553,,,,,,,,,,,571.9,2.856e-05
554,,,,,,,,,,,572.2,3.794e-05
555,,,,,,,,,,,572.6,5.356e-05
556,,,,,,,,,,,572.9,3.615e-05
557,,,,,,,,,,,573.2,5.892e-05
558,,,,,,,,,,,573.6,5.579e-05
559,,,,,,,,,,,573.9,6.427e-05
560,,,,,,,,,,,574.3,7.052e-05
561,,,,,,,,,,,574.6,6.65e-05
562,,,,,,,,,,,574.9,7.007e-05
563,,,,,,,,,,,575.3,5.847e-05
564,,,,,,,,,,,575.6,6.249e-05
565,,,,,,,,,,,576.0,7.365e-05
566,,,,,,,,,,,576.3,6.07e-05
567,,,,,,,,,,,576.7,6.74e-05
568,,,,,,,,,,,577.0,9.016e-05
569,,,,,,,,,,,577.3,6.427e-05
570,,,,,,,,,,,577.7,7.052e-05
571,,,,,,,,,,,578.0,7.9e-05
572,,,,,,,,,,,578.4,8.614e-05
573,,,,,,,,,,,578.7,8.525e-05
574,,,,,,,,,,,579.0,0.0001152
575,,,,,,,,,,,579.4,7.99e-05
576,,,,,,,,,,,579.7,0.000108
577,,,,,,,,,,,580.1,9.373e-05
578,,,,,,,,,,,580.4,9.641e-05
579,,,,,,,,,,,580.7,9.552e-05
580,,,,,,,,,,,581.1,0.0001219
581,,,,,,,,,,,581.4,0.000112
582,,,,,,,,,,,581.8,0.0001437
583,,,,,,,,,,,582.1,0.0001201
584,,,,,,,,,,,582.4,0.0001223
585,,,,,,,,,,,582.8,0.0001102
586,,,,,,,,,,,583.1,0.000146
587,,,,,,,,,,,583.5,0.000133
588,,,,,,,,,,,583.8,0.0001352
589,,,,,,,,,,,584.1,0.0001397
590,,,,,,,,,,,584.5,0.0001343
591,,,,,,,,,,,584.8,0.0001558
592,,,,,,,,,,,585.2,0.0001674
593,,,,,,,,,,,585.5,0.0001723
594,,,,,,,,,,,585.8,0.0001794
595,,,,,,,,,,,586.2,0.0001897
596,,,,,,,,,,,586.5,0.0001866
597,,,,,,,,,,,586.9,0.0001834
598,,,,,,,,,,,587.2,0.0002129
599,,,,,,,,,,,587.5,0.0002125
600,,,,,,,,,,,587.9,0.0002419
601,,,,,,,,,,,588.2,0.0002428
602,,,,,,,,,,,588.6,0.0002455
603,,,,,,,,,,,588.9,0.0002348
604,,,,,,,,,,,589.2,0.0002433
605,,,,,,,,,,,589.6,0.0002812
606,,,,,,,,,,,589.9,0.0002473
607,,,,,,,,,,,590.3,0.0002767
608,,,,,,,,,,,590.6,0.0002982
609,,,,,,,,,,,590.9,0.0003013
610,,,,,,,,,,,591.3,0.0003196
611,,,,,,,,,,,591.6,0.0003285
612,,,,,,,,,,,592.0,0.00032
613,,,,,,,,,,,592.3,0.0003473
614,,,,,,,,,,,592.6,0.0003459
615,,,,,,,,,,,593.0,0.0003584
616,,,,,,,,,,,593.3,0.000383
617,,,,,,,,,,,593.7,0.0003798
618,,,,,,,,,,,594.0,0.0004352
619,,,,,,,,,,,594.3,0.0004245
620,,,,,,,,,,,594.7,0.0004325
621,,,,,,,,,,,595.0,0.0004521
622,,,,,,,,,,,595.3,0.0004437
623,,,,,,,,,,,595.7,0.000478
624,,,,,,,,,,,596.0,0.0004896
625,,,,,,,,,,,596.4,0.0004874
626,,,,,,,,,,,596.7,0.0005329
627,,,,,,,,,,,597.0,0.0005472
628,,,,,,,,,,,597.4,0.0005378
629,,,,,,,,,,,597.7,0.0005718
630,,,,,,,,,,,598.0,0.0006133
631,,,,,,,,,,,598.4,0.0006365
632,,,,,,,,,,,598.7,0.0006159
633,,,,,,,,,,,599.1,0.0006615
634,,,,,,,,,,,599.4,0.0006833
635,,,,,,,,,,,599.7,0.0006816
636,,,,,,,,,,,600.1,0.0007124
637,,,,,,,,,,,600.4,0.0007418
638,,,,,,,,,,,600.8,0.0008003
639,,,,,,,,,,,601.1,0.0007748
640,,,,,,,,,,,601.4,0.0008382
641,,,,,,,,,,,601.8,0.0008512
642,,,,,,,,,,,602.1,0.0008637
643,,,,,,,,,,,602.5,0.0008855
644,,,,,,,,,,,602.8,0.0009123
645,,,,,,,,,,,603.1,0.000944
646,,,,,,,,,,,603.5,0.0009976
647,,,,,,,,,,,603.8,0.001027
648,,,,,,,,,,,604.1,0.001067
649,,,,,,,,,,,604.5,0.001075
650,,,,,,,,,,,604.8,0.001101
651,,,,,,,,,,,605.2,0.001172
652,,,,,,,,,,,605.5,0.001201
653,,,,,,,,,,,605.8,0.001241
654,,,,,,,,,,,606.2,0.001288
655,,,,,,,,,,,606.5,0.001351
656,,,,,,,,,,,606.8,0.001415
657,,,,,,,,,,,607.2,0.001468
658,,,,,,,,,,,607.5,0.001518
659,,,,,,,,,,,607.8,0.001547
660,,,,,,,,,,,608.2,0.001629
661,,,,,,,,,,,608.5,0.00166
662,,,,,,,,,,,608.9,0.001726
663,,,,,,,,,,,609.2,0.001804
664,,,,,,,,,,,609.5,0.001874
665,,,,,,,,,,,609.9,0.001921
666,,,,,,,,,,,610.2,0.001999
667,,,,,,,,,,,610.5,0.002054
668,,,,,,,,,,,610.9,0.0021
669,,,,,,,,,,,611.2,0.002265
670,,,,,,,,,,,611.6,0.00229
671,,,,,,,,,,,611.9,0.002405
672,,,,,,,,,,,612.2,0.00252
673,,,,,,,,,,,612.6,0.00264
674,,,,,,,,,,,612.9,0.002686
675,,,,,,,,,,,613.2,0.002803
676,,,,,,,,,,,613.6,0.002887
677,,,,,,,,,,,613.9,0.002994
678,,,,,,,,,,,614.2,0.003123
679,,,,,,,,,,,614.6,0.00325
680,,,,,,,,,,,614.9,0.003285
681,,,,,,,,,,,615.3,0.003429
682,,,,,,,,,,,615.6,0.003578
683,,,,,,,,,,,615.9,0.003717
684,,,,,,,,,,,616.3,0.003809
685,,,,,,,,,,,616.6,0.004009
686,,,,,,,,,,,616.9,0.004163
687,,,,,,,,,,,617.3,0.004301
688,,,,,,,,,,,617.6,0.004467
689,,,,,,,,,,,618.0,0.00456
690,,,,,,,,,,,618.3,0.004748
691,,,,,,,,,,,618.6,0.005011
692,,,,,,,,,,,619.0,0.00515
693,,,,,,,,,,,619.3,0.005347
694,,,,,,,,,,,619.6,0.005492
695,,,,,,,,,,,620.0,0.005685
696,,,,,,,,,,,620.3,0.005951
697,,,,,,,,,,,620.6,0.006063
698,,,,,,,,,,,621.0,0.006375
699,,,,,,,,,,,621.3,0.006506
700,,,,,,,,,,,621.6,0.006767
701,,,,,,,,,,,622.0,0.007031
702,,,,,,,,,,,622.3,0.007187
703,,,,,,,,,,,622.6,0.007338
704,,,,,,,,,,,623.0,0.007557
705,,,,,,,,,,,623.3,0.007761
706,,,,,,,,,,,623.7,0.007998
707,,,,,,,,,,,624.0,0.00818
708,,,,,,,,,,,624.3,0.008406
709,,,,,,,,,,,624.7,0.008546
710,,,,,,,,,,,625.0,0.008803
711,,,,,,,,,,,625.3,0.009033
712,,,,,,,,,,,625.7,0.009138
713,,,,,,,,,,,626.0,0.009216
714,,,,,,,,,,,626.3,0.009486
715,,,,,,,,,,,626.7,0.009667
716,,,,,,,,,,,627.0,0.009783
717,,,,,,,,,,,627.3,0.009933
718,,,,,,,,,,,627.7,0.01005
719,,,,,,,,,,,628.0,0.01017
720,,,,,,,,,,,628.3,0.01034
721,,,,,,,,,,,628.7,0.01038
722,,,,,,,,,,,629.0,0.01045
723,,,,,,,,,,,629.3,0.01053
724,,,,,,,,,,,629.7,0.01066
725,,,,,,,,,,,630.0,0.01072
726,,,,,,,,,,,630.3,0.01076
727,,,,,,,,,,,630.7,0.01077
728,,,,,,,,,,,631.0,0.01088
729,,,,,,,,,,,631.3,0.01091
730,,,,,,,,,,,631.7,0.0109
731,,,,,,,,,,,632.0,0.01094
732,,,,,,,,,,,632.3,0.01095
733,,,,,,,,,,,632.7,0.01096
734,,,,,,,,,,,633.0,0.01098
735,,,,,,,,,,,633.3,0.01092
736,,,,,,,,,,,633.7,0.01093
737,,,,,,,,,,,634.0,0.0109
738,,,,,,,,,,,634.3,0.01085
739,,,,,,,,,,,634.7,0.01086
740,,,,,,,,,,,635.0,0.0108
741,,,,,,,,,,,635.3,0.01073
742,,,,,,,,,,,635.7,0.01062
743,,,,,,,,,,,636.0,0.0106
744,,,,,,,,,,,636.3,0.01048
745,,,,,,,,,,,636.7,0.01048
746,,,,,,,,,,,637.0,0.01035
747,,,,,,,,,,,637.3,0.01024
748,,,,,,,,,,,637.7,0.0101
749,,,,,,,,,,,638.0,0.01001
750,,,,,,,,,,,638.3,0.009801
751,,,,,,,,,,,638.7,0.00978
752,,,,,,,,,,,639.0,0.009474
753,,,,,,,,,,,639.3,0.009357
754,,,,,,,,,,,639.7,0.009197
755,,,,,,,,,,,640.0,0.009
756,,,,,,,,,,,640.3,0.008712
757,,,,,,,,,,,640.7,0.008567
758,,,,,,,,,,,641.0,0.008274
759,,,,,,,,,,,641.3,0.008053
760,,,,,,,,,,,641.7,0.00785
761,,,,,,,,,,,642.0,0.007582
762,,,,,,,,,,,642.3,0.00747
763,,,,,,,,,,,642.7,0.007217
764,,,,,,,,,,,643.0,0.006937
765,,,,,,,,,,,643.3,0.006722
766,,,,,,,,,,,643.7,0.006525
767,,,,,,,,,,,644.0,0.006248
768,,,,,,,,,,,644.3,0.006043
769,,,,,,,,,,,644.7,0.005894
770,,,,,,,,,,,645.0,0.005769
771,,,,,,,,,,,645.3,0.005549
772,,,,,,,,,,,645.7,0.005349
773,,,,,,,,,,,646.0,0.005098
774,,,,,,,,,,,646.3,0.004939
775,,,,,,,,,,,646.7,0.004734
776,,,,,,,,,,,647.0,0.004511
777,,,,,,,,,,,647.3,0.004368
778,,,,,,,,,,,647.7,0.004238
779,,,,,,,,,,,648.0,0.004081
780,,,,,,,,,,,648.3,0.003969
781,,,,,,,,,,,648.7,0.003758
782,,,,,,,,,,,649.0,0.003621
783,,,,,,,,,,,649.3,0.003455
784,,,,,,,,,,,649.7,0.003406
785,,,,,,,,,,,650.0,0.00319
786,,,,,,,,,,,650.3,0.00308
787,,,,,,,,,,,650.7,0.003017
788,,,,,,,,,,,651.0,0.002883
789,,,,,,,,,,,651.3,0.002741
790,,,,,,,,,,,651.7,0.002682
791,,,,,,,,,,,652.0,0.00257
792,,,,,,,,,,,652.3,0.002483
793,,,,,,,,,,,652.6,0.002402
794,,,,,,,,,,,653.0,0.002316
795,,,,,,,,,,,653.3,0.00222
796,,,,,,,,,,,653.6,0.002157
797,,,,,,,,,,,654.0,0.002077
798,,,,,,,,,,,654.3,0.00198
799,,,,,,,,,,,654.6,0.001917
800,,,,,,,,,,,655.0,0.001822
801,,,,,,,,,,,655.3,0.001777
802,,,,,,,,,,,655.6,0.001685
803,,,,,,,,,,,656.0,0.001655
804,,,,,,,,,,,656.3,0.001541
805,,,,,,,,,,,656.6,0.00153
806,,,,,,,,,,,657.0,0.001469
807,,,,,,,,,,,657.3,0.001392
808,,,,,,,,,,,657.6,0.00135
809,,,,,,,,,,,657.9,0.001292
810,,,,,,,,,,,658.3,0.001233
811,,,,,,,,,,,658.6,0.001194
812,,,,,,,,,,,658.9,0.001108
813,,,,,,,,,,,659.3,0.00111
814,,,,,,,,,,,659.6,0.001084
815,,,,,,,,,,,659.9,0.001023
816,,,,,,,,,,,660.2,0.0009601
817,,,,,,,,,,,660.6,0.0009708
818,,,,,,,,,,,660.9,0.0009177
819,,,,,,,,,,,661.2,0.0009078
820,,,,,,,,,,,661.6,0.0008646
821,,,,,,,,,,,661.9,0.0008271
822,,,,,,,,,,,662.2,0.000769
823,,,,,,,,,,,662.6,0.0007784
824,,,,,,,,,,,662.9,0.0007347
825,,,,,,,,,,,663.2,0.0007083
826,,,,,,,,,,,663.5,0.0006874
827,,,,,,,,,,,663.9,0.0006664
828,,,,,,,,,,,664.2,0.0006454
829,,,,,,,,,,,664.5,0.0006427
830,,,,,,,,,,,664.9,0.0005959
831,,,,,,,,,,,665.2,0.000591
832,,,,,,,,,,,665.5,0.000553
833,,,,,,,,,,,665.9,0.0005392
834,,,,,,,,,,,666.2,0.0005102
835,,,,,,,,,,,666.5,0.0005262
836,,,,,,,,,,,666.8,0.0004945
837,,,,,,,,,,,667.2,0.00047
838,,,,,,,,,,,667.5,0.0004298
839,,,,,,,,,,,667.8,0.0004294
840,,,,,,,,,,,668.2,0.0003995
841,,,,,,,,,,,668.5,0.0003754
842,,,,,,,,,,,668.8,0.0003892
843,,,,,,,,,,,669.2,0.0003522
844,,,,,,,,,,,669.5,0.0003687
845,,,,,,,,,,,669.8,0.0003464
846,,,,,,,,,,,670.1,0.0003272
847,,,,,,,,,,,670.5,0.0003254
848,,,,,,,,,,,670.8,0.000291
849,,,,,,,,,,,671.1,0.0002973
850,,,,,,,,,,,671.5,0.0002906
851,,,,,,,,,,,671.8,0.0002897
852,,,,,,,,,,,672.1,0.0002517
853,,,,,,,,,,,672.5,0.0002678
854,,,,,,,,,,,672.8,0.000254
855,,,,,,,,,,,673.1,0.000233
856,,,,,,,,,,,673.4,0.0002316
857,,,,,,,,,,,673.8,0.0002049
858,,,,,,,,,,,674.1,0.0002196
859,,,,,,,,,,,674.4,0.0002098
860,,,,,,,,,,,674.7,0.0001879
861,,,,,,,,,,,675.1,0.0001955
862,,,,,,,,,,,675.4,0.0001955
863,,,,,,,,,,,675.7,0.0001736
864,,,,,,,,,,,676.1,0.0001562
865,,,,,,,,,,,676.4,0.0001759
866,,,,,,,,,,,676.7,0.0001643
867,,,,,,,,,,,677.0,0.0001674
868,,,,,,,,,,,677.4,0.0001348
869,,,,,,,,,,,677.7,0.0001317
870,,,,,,,,,,,678.0,0.0001437
871,,,,,,,,,,,678.3,0.0001317
872,,,,,,,,,,,678.7,0.000129
873,,,,,,,,,,,679.0,0.0001187
874,,,,,,,,,,,679.3,0.000121
875,,,,,,,,,,,679.7,0.0001227
876,,,,,,,,,,,680.0,9.953e-05
877,,,,,,,,,,,680.3,0.000112
878,,,,,,,,,,,680.7,9.284e-05
879,,,,,,,,,,,681.0,0.0001138
880,,,,,,,,,,,681.3,9.775e-05
881,,,,,,,,,,,681.6,8.703e-05
882,,,,,,,,,,,682.0,8.882e-05
883,,,,,,,,,,,682.3,8.302e-05
884,,,,,,,,,,,682.6,5.624e-05
885,,,,,,,,,,,682.9,6.963e-05
886,,,,,,,,,,,683.3,8.079e-05
887,,,,,,,,,,,683.6,6.65e-05
888,,,,,,,,,,,683.9,8.213e-05
889,,,,,,,,,,,684.2,9.284e-05
890,,,,,,,,,,,684.6,6.383e-05
891,,,,,,,,,,,684.9,6.561e-05
892,,,,,,,,,,,685.2,6.963e-05
893,,,,,,,,,,,685.6,5.981e-05
894,,,,,,,,,,,685.9,6.026e-05
895,,,,,,,,,,,686.2,5.044e-05
896,,,,,,,,,,,686.5,3.615e-05
897,,,,,,,,,,,686.9,5.356e-05
898,,,,,,,,,,,687.2,6.249e-05
899,,,,,,,,,,,687.5,6.07e-05
900,,,,,,,,,,,687.8,4.329e-05
901,,,,,,,,,,,688.2,5.445e-05
902,,,,,,,,,,,688.5,4.597e-05
903,,,,,,,,,,,688.8,6.695e-05
904,,,,,,,,,,,689.2,4.017e-05
905,,,,,,,,,,,689.5,4.24e-05
906,,,,,,,,,,,689.8,3.749e-05
907,,,,,,,,,,,690.1,5.758e-05
908,,,,,,,,,,,690.5,3.169e-05
909,,,,,,,,,,,690.8,4.285e-05
910,,,,,,,,,,,691.1,4.106e-05
911,,,,,,,,,,,691.4,3.169e-05
912,,,,,,,,,,,691.8,3.392e-05
913,,,,,,,,,,,692.1,3.839e-05
914,,,,,,,,,,,692.4,3.258e-05
915,,,,,,,,,,,692.7,2.589e-05
916,,,,,,,,,,,693.1,1.027e-05
917,,,,,,,,,,,693.4,1.875e-05
918,,,,,,,,,,,693.7,5.803e-06
919,,,,,,,,,,,694.0,1.83e-05
920,,,,,,,,,,,694.4,2.991e-05
921,,,,,,,,,,,694.7,2.455e-05
922,,,,,,,,,,,695.0,3.481e-05
923,,,,,,,,,,,695.3,2.544e-05
924,,,,,,,,,,,695.7,2.499e-05
925,,,,,,,,,,,696.0,2.053e-05
926,,,,,,,,,,,696.3,2.053e-05
927,,,,,,,,,,,696.6,1.83e-05
928,,,,,,,,,,,697.0,1.384e-05
929,,,,,,,,,,,697.3,2.008e-05
930,,,,,,,,,,,697.6,1.294e-05
931,,,,,,,,,,,697.9,2.633e-05
932,,,,,,,,,,,698.3,2.633e-05
933,,,,,,,,,,,698.6,1.919e-05
934,,,,,,,,,,,698.9,6.695e-06
935,,,,,,,,,,,699.2,4.91e-06
936,,,,,,,,,,,699.6,1.071e-05
937,,,,,,,,,,,699.9,1.518e-05
938,,,,,,,,,,,700.2,2.856e-05
939,,,,,,,,,,,700.5,2.142e-05
940,,,,,,,,,,,700.9,2.499e-05
941,,,,,,,,,,,701.2,1.696e-05
942,,,,,,,,,,,701.5,6.249e-06
943,,,,,,,,,,,701.8,1.205e-05
944,,,,,,,,,,,702.2,1.919e-05
945,,,,,,,,,,,702.5,3.57e-06
946,,,,,,,,,,,702.8,1.518e-05
947,,,,,,,,,,,703.1,2.008e-05
948,,,,,,,,,,,703.5,1.473e-05
949,,,,,,,,,,,703.8,1.027e-05
950,,,,,,,,,,,704.1,1.027e-05
951,,,,,,,,,,,704.4,1.428e-05
952,,,,,,,,,,,704.8,5.803e-06
953,,,,,,,,,,,705.1,4.91e-06
954,,,,,,,,,,,705.4,1.785e-06
955,,,,,,,,,,,705.7,4.016e-06
956,,,,,,,,,,,706.0,2.008e-05
957,,,,,,,,,,,706.4,1.785e-06
958,,,,,,,,,,,706.7,1.518e-05
959,,,,,,,,,,,707.0,3.124e-06
960,,,,,,,,,,,707.3,7.588e-06
961,,,,,,,,,,,707.7,4.016e-06
962,,,,,,,,,,,708.0,1.339e-06
963,,,,,,,,,,,708.3,2.633e-05
964,,,,,,,,,,,708.6,1.964e-05
965,,,,,,,,,,,709.0,4.016e-06
966,,,,,,,,,,,709.3,8.925e-07
967,,,,,,,,,,,709.6,1.339e-05
968,,,,,,,,,,,709.9,1.205e-05
969,,,,,,,,,,,710.3,1.027e-05
970,,,,,,,,,,,710.6,8.48e-06
971,,,,,,,,,,,710.9,0.0
972,,,,,,,,,,,711.2,0.0
973,,,,,,,,,,,711.5,1.473e-05
974,,,,,,,,,,,711.9,1.83e-05
975,,,,,,,,,,,712.2,1.205e-05
976,,,,,,,,,,,712.5,2.723e-05
977,,,,,,,,,,,712.8,3.124e-06
978,,,,,,,,,,,713.2,1.116e-05
979,,,,,,,,,,,713.5,2.231e-06
980,,,,,,,,,,,713.8,3.124e-06
981,,,,,,,,,,,714.1,1.518e-05
982,,,,,,,,,,,714.5,8.925e-07
983,,,,,,,,,,,714.8,3.124e-06
984,,,,,,,,,,,715.1,1.785e-06
985,,,,,,,,,,,715.4,8.927e-06
986,,,,,,,,,,,715.8,4.91e-06
987,,,,,,,,,,,716.1,1.339e-06
988,,,,,,,,,,,716.4,6.695e-06
989,,,,,,,,,,,716.7,8.48e-06
990,,,,,,,,,,,717.0,3.124e-06
991,,,,,,,,,,,717.4,8.925e-07
992,,,,,,,,,,,717.7,1.785e-06
993,,,,,,,,,,,718.0,1.071e-05
994,,,,,,,,,,,718.3,1.518e-05
995,,,,,,,,,,,718.7,4.016e-06
996,,,,,,,,,,,719.0,3.124e-06
997,,,,,,,,,,,719.3,1.25e-05
998,,,,,,,,,,,719.6,8.034e-06
999,,,,,,,,,,,719.9,4.91e-06
1000,,,,,,,,,,,720.3,8.925e-07
1001,,,,,,,,,,,720.6,3.124e-06
1002,,,,,,,,,,,720.9,1.964e-05
1003,,,,,,,,,,,721.2,1.294e-05
1004,,,,,,,,,,,721.5,5.803e-06
1005,,,,,,,,,,,721.9,1.785e-05
1006,,,,,,,,,,,722.2,2.142e-05
1007,,,,,,,,,,,722.5,1.16e-05
1008,,,,,,,,,,,722.8,2.187e-05
1009,,,,,,,,,,,723.2,4.464e-06
1010,,,,,,,,,,,723.5,2.677e-06
1011,,,,,,,,,,,723.8,2.053e-05
1012,,,,,,,,,,,724.1,1.027e-05
1013,,,,,,,,,,,724.4,3.124e-06
1014,,,,,,,,,,,724.8,4.016e-06
1015,,,,,,,,,,,725.1,3.57e-06
1016,,,,,,,,,,,725.4,1.205e-05
1017,,,,,,,,,,,725.7,9.373e-06
1018,,,,,,,,,,,726.0,1.562e-05
1019,,,,,,,,,,,726.4,1.785e-06
1020,,,,,,,,,,,726.7,1.518e-05
1021,,,,,,,,,,,727.0,9.373e-06
1022,,,,,,,,,,,727.3,4.016e-06
1023,,,,,,,,,,,727.7,4.464e-06
1024,,,,,,,,,,,728.0,4.464e-06
1025,,,,,,,,,,,728.3,6.695e-06
1026,,,,,,,,,,,728.6,4.91e-06
1027,,,,,,,,,,,728.9,8.925e-07
1028,,,,,,,,,,,729.2,5.357e-06
1029,,,,,,,,,,,729.6,8.927e-06
1030,,,,,,,,,,,729.9,4.464e-06
1031,,,,,,,,,,,730.2,8.48e-06
1032,,,,,,,,,,,730.5,8.48e-06
1033,,,,,,,,,,,730.8,4.016e-06
1034,,,,,,,,,,,731.2,2.098e-05
1035,,,,,,,,,,,731.5,4.462e-07
1036,,,,,,,,,,,731.8,1.83e-05
1037,,,,,,,,,,,732.1,8.034e-06
1038,,,,,,,,,,,732.5,1.339e-06
1039,,,,,,,,,,,732.8,7.142e-06
1040,,,,,,,,,,,733.1,4.016e-06
1041,,,,,,,,,,,733.4,5.803e-06
1042,,,,,,,,,,,733.7,1.428e-05
1043,,,,,,,,,,,734.0,1.339e-05
1044,,,,,,,,,,,734.4,1.83e-05
1045,,,,,,,,,,,734.7,1.116e-05
1046,,,,,,,,,,,735.0,2.231e-06
1047,,,,,,,,,,,735.3,7.588e-06
1048,,,,,,,,,,,735.7,9.373e-06
1049,,,,,,,,,,,736.0,2.231e-06
1050,,,,,,,,,,,736.3,1.964e-05
1051,,,,,,,,,,,736.6,6.695e-06
1052,,,,,,,,,,,736.9,2.321e-05
1053,,,,,,,,,,,737.2,5.357e-06
1054,,,,,,,,,,,737.6,8.925e-07
1055,,,,,,,,,,,737.9,6.249e-06
1056,,,,,,,,,,,738.2,2.231e-06
1057,,,,,,,,,,,738.5,8.034e-06
1058,,,,,,,,,,,738.8,9.819e-06
1059,,,,,,,,,,,739.2,1.919e-05
1060,,,,,,,,,,,739.5,1.027e-05
1061,,,,,,,,,,,739.8,1.116e-05
1062,,,,,,,,,,,740.1,2.231e-06
1063,,,,,,,,,,,740.4,1.027e-05
1064,,,,,,,,,,,740.8,8.925e-07
1065,,,,,,,,,,,741.1,2.677e-06
1066,,,,,,,,,,,741.4,8.927e-06
1067,,,,,,,,,,,741.7,1.339e-05
1068,,,,,,,,,,,742.0,1.027e-05
1069,,,,,,,,,,,742.3,1.027e-05
1070,,,,,,,,,,,742.7,2.276e-05
1071,,,,,,,,,,,743.0,4.462e-07
1072,,,,,,,,,,,743.3,1.473e-05
1073,,,,,,,,,,,743.6,4.91e-06
1074,,,,,,,,,,,743.9,3.124e-06
1075,,,,,,,,,,,744.3,1.205e-05
1076,,,,,,,,,,,744.6,9.819e-06
1077,,,,,,,,,,,744.9,1.205e-05
1078,,,,,,,,,,,745.2,8.925e-07
1079,,,,,,,,,,,745.5,9.819e-06
1080,,,,,,,,,,,745.8,0.0
1081,,,,,,,,,,,746.2,7.142e-06
1082,,,,,,,,,,,746.5,1.83e-05
1083,,,,,,,,,,,746.8,6.695e-06
1084,,,,,,,,,,,747.1,6.695e-06
1085,,,,,,,,,,,747.4,2.677e-06
1086,,,,,,,,,,,747.8,3.57e-06
1087,,,,,,,,,,,748.1,4.462e-07
1088,,,,,,,,,,,748.4,4.462e-07
1089,,,,,,,,,,,748.7,8.927e-06
1090,,,,,,,,,,,749.0,1.16e-05
1091,,,,,,,,,,,749.3,3.57e-06
1092,,,,,,,,,,,749.7,2.231e-06
1093,,,,,,,,,,,750.0,3.57e-06
1094,,,,,,,,,,,750.3,1.785e-06
1095,,,,,,,,,,,750.6,8.48e-06
1096,,,,,,,,,,,750.9,5.357e-06
1097,,,,,,,,,,,751.2,4.464e-06
1098,,,,,,,,,,,751.6,1.339e-05
1099,,,,,,,,,,,751.9,4.462e-07
1100,,,,,,,,,,,752.2,4.464e-06
1101,,,,,,,,,,,752.5,8.48e-06
1102,,,,,,,,,,,752.8,2.677e-06
1103,,,,,,,,,,,753.2,3.57e-06
1104,,,,,,,,,,,753.5,8.034e-06
1105,,,,,,,,,,,753.8,8.927e-06
1106,,,,,,,,,,,754.1,4.464e-06
1107,,,,,,,,,,,754.4,4.016e-06
1108,,,,,,,,,,,754.7,6.249e-06
1109,,,,,,,,,,,755.0,6.695e-06
1110,,,,,,,,,,,755.4,7.142e-06
1111,,,,,,,,,,,755.7,3.57e-06
1112,,,,,,,,,,,756.0,4.464e-06
1113,,,,,,,,,,,756.3,4.464e-06
1114,,,,,,,,,,,756.6,6.249e-06
1115,,,,,,,,,,,757.0,8.925e-07
1116,,,,,,,,,,,757.3,1.16e-05
1117,,,,,,,,,,,757.6,4.016e-06
1118,,,,,,,,,,,757.9,1.384e-05
1119,,,,,,,,,,,758.2,8.925e-07
1120,,,,,,,,,,,758.5,1.339e-05
1121,,,,,,,,,,,758.8,1.071e-05
1122,,,,,,,,,,,759.2,2.633e-05
1123,,,,,,,,,,,759.5,2.677e-06
1124,,,,,,,,,,,759.8,1.518e-05
1125,,,,,,,,,,,760.1,4.462e-07
1126,,,,,,,,,,,760.4,1.339e-06
1127,,,,,,,,,,,760.7,7.588e-06
1128,,,,,,,,,,,761.1,8.034e-06
1129,,,,,,,,,,,761.4,4.91e-06
1130,,,,,,,,,,,761.7,6.249e-06
1131,,,,,,,,,,,762.0,2.231e-06
1132,,,,,,,,,,,762.3,8.925e-07
1133,,,,,,,,,,,762.6,1.83e-05
1134,,,,,,,,,,,763.0,1.25e-05
1135,,,,,,,,,,,763.3,8.925e-07
1136,,,,,,,,,,,763.6,1.339e-06
1137,,,,,,,,,,,763.9,8.927e-06
1138,,,,,,,,,,,764.2,4.462e-07
1139,,,,,,,,,,,764.5,2.187e-05
1140,,,,,,,,,,,764.8,7.588e-06
1141,,,,,,,,,,,765.2,7.588e-06
1142,,,,,,,,,,,765.5,5.357e-06
1143,,,,,,,,,,,765.8,7.142e-06
1144,,,,,,,,,,,766.1,6.249e-06
1145,,,,,,,,,,,766.4,1.83e-05
1146,,,,,,,,,,,766.7,8.48e-06
1147,,,,,,,,,,,767.0,1.339e-06
1148,,,,,,,,,,,767.4,3.124e-06
1149,,,,,,,,,,,767.7,7.588e-06
1150,,,,,,,,,,,768.0,1.651e-05
1151,,,,,,,,,,,768.3,1.205e-05
1152,,,,,,,,,,,768.6,7.588e-06
1153,,,,,,,,,,,768.9,4.91e-06
1154,,,,,,,,,,,769.2,2.677e-06
1155,,,,,,,,,,,769.6,1.384e-05
1156,,,,,,,,,,,769.9,4.464e-06
1157,,,,,,,,,,,770.2,8.925e-07
1158,,,,,,,,,,,770.5,1.607e-05
1159,,,,,,,,,,,770.8,1.205e-05
1160,,,,,,,,,,,771.1,9.819e-06
1161,,,,,,,,,,,771.4,5.357e-06
1162,,,,,,,,,,,771.8,8.925e-07
1163,,,,,,,,,,,772.1,4.462e-07
1164,,,,,,,,,,,772.4,6.695e-06
1165,,,,,,,,,,,772.7,1.205e-05
1166,,,,,,,,,,,773.0,3.57e-06
1167,,,,,,,,,,,773.3,4.462e-07
1168,,,,,,,,,,,773.6,4.462e-07
1169,,,,,,,,,,,774.0,3.57e-06
1170,,,,,,,,,,,774.3,1.027e-05
1171,,,,,,,,,,,774.6,8.48e-06
1172,,,,,,,,,,,774.9,2.677e-06
1173,,,,,,,,,,,775.2,4.464e-06
1174,,,,,,,,,,,775.5,4.91e-06
